NbVehicules=2
NbClients=10
NbServices=2
Demandes=[[0, 1], [0, 1], [0, 1], [0, 1], [0, 1], [0, 1], [0, 1], [0, 1], [0, 1], [0, 1]]
Offres=[[0, 1], [0, 1]]
od=[[0, 21, 21, 12, 19, 15, 20, 15, 23, 21, 4], [21, 0, 9, 16, 27, 32, 21, 33, 44, 39, 23], [21, 9, 0, 11, 20, 34, 14, 35, 43, 35, 21], [12, 16, 11, 0, 12, 26, 9, 27, 32, 24, 11], [19, 27, 20, 12, 0, 31, 8, 31, 31, 19, 16], [15, 32, 34, 26, 31, 0, 34, 1, 17, 24, 16], [20, 21, 14, 9, 8, 34, 0, 34, 36, 26, 18], [15, 33, 35, 27, 31, 1, 34, 0, 17, 24, 16], [23, 44, 43, 32, 31, 17, 36, 17, 0, 14, 22], [21, 39, 35, 24, 19, 24, 26, 24, 14, 0, 18], [4, 23, 21, 11, 16, 16, 18, 16, 22, 18, 0]]
WindowsC=[[0, 554], [0, 554], [0, 554], [0, 554], [0, 554], [0, 554], [0, 554], [0, 554], [0, 554], [0, 554]]
DureeDeVisite=[[0, 68], [0, 180], [0, 24], [0, 64], [0, 41], [0, 74], [0, 85], [0, 17], [0, 46], [0, 83]]
WindowsD=[[0, 554], [0, 554]]
CoutPref=[[0.703705, -8.09906], [-9.74309, -0.670695], [-0.712971, -1.74332], [-1.5397, -5.03829], [-9.39871, -7.39046], [1.22136, -1.63518], [-2.50244, 4.38737], [-1.98321, -3.7502], [0.466, -1.84221], [4.04154, 5.3464]]
gap=[-1, -1, -1, -1, -1, -1, -1, -1, -1, -1]
