NbVehicules=2
NbClients=10
NbServices=2
Demandes=[[1, 0], [1, 0], [1, 0], [1, 0], [1, 0], [1, 0], [1, 0], [1, 0], [1, 0], [1, 0]]
Offres=[[1, 0], [1, 0]]
od=[[0, 11, 15, 25, 22, 20, 27, 20, 11, 15, 20], [11, 0, 17, 23, 17, 16, 37, 31, 12, 6, 23], [15, 17, 0, 38, 12, 32, 36, 27, 24, 22, 34], [25, 23, 38, 0, 40, 8, 37, 37, 15, 19, 10], [22, 17, 12, 40, 0, 33, 46, 37, 28, 22, 39], [20, 16, 32, 8, 33, 0, 38, 35, 11, 12, 13], [27, 37, 36, 37, 46, 38, 0, 11, 29, 39, 27], [20, 31, 27, 37, 37, 35, 11, 0, 26, 34, 28], [11, 12, 24, 15, 28, 11, 29, 26, 0, 11, 12], [15, 6, 22, 19, 22, 12, 39, 34, 11, 0, 21], [20, 23, 34, 10, 39, 13, 27, 28, 12, 21, 0]]
WindowsC=[[0, 554], [0, 554], [0, 554], [0, 554], [0, 554], [0, 554], [0, 554], [0, 554], [0, 554], [0, 554]]
DureeDeVisite=[[50, 0], [120, 0], [71, 0], [66, 0], [93, 0], [42, 0], [74, 0], [82, 0], [85, 0], [84, 0]]
WindowsD=[[0, 554], [0, 554]]
CoutPref=[[-8.21899, 6.56398], [-4.31381, 3.31036], [-7.94533, 4.9545], [-6.74515, 5.55603], [-5.12531, 3.18814], [-8.50266, 9.10865], [3.91134, 9.46388], [-7.83694, 0.135426], [-9.42898, -4.37351], [-3.8727, 7.82865]]
gap=[-1, -1, -1, -1, -1, -1, -1, -1, -1, -1]
