NbVehicules=5
NbClients=26
NbServices=2
Demandes=[[1, 0], [1, 0], [1, 0], [1, 0], [1, 0], [1, 0], [1, 0], [1, 0], [1, 0], [1, 0], [1, 0], [1, 0], [1, 0], [1, 0], [1, 0], [1, 0], [1, 0], [1, 0], [1, 0], [1, 0], [1, 0], [1, 0], [1, 0], [1, 0], [1, 0], [1, 0]]
Offres=[[1, 0], [1, 0], [1, 0], [1, 0], [1, 0]]
od=[[0, 23, 25, 16, 20, 16, 22, 16, 18, 22, 21, 20, 20, 20, 19, 18, 21, 26, 19, 18, 15, 3, 13, 22, 22, 15, 16], [23, 0, 47, 27, 26, 33, 42, 28, 26, 43, 10, 12, 31, 19, 41, 33, 39, 34, 14, 8, 27, 21, 17, 43, 4, 34, 14], [25, 47, 0, 33, 33, 25, 10, 31, 36, 16, 44, 45, 33, 39, 11, 23, 23, 33, 43, 42, 28, 27, 36, 13, 47, 21, 40], [16, 27, 33, 0, 35, 9, 34, 3, 4, 21, 31, 17, 5, 34, 23, 33, 15, 42, 15, 27, 31, 18, 11, 23, 24, 13, 13], [20, 26, 33, 35, 0, 35, 25, 35, 37, 38, 17, 32, 39, 9, 32, 11, 39, 9, 32, 18, 7, 17, 29, 37, 28, 33, 30], [16, 33, 25, 9, 35, 0, 28, 7, 12, 13, 35, 25, 8, 36, 15, 31, 7, 40, 23, 32, 30, 19, 17, 15, 31, 5, 20], [22, 42, 10, 34, 25, 28, 0, 32, 37, 22, 37, 42, 35, 31, 16, 14, 28, 23, 40, 36, 20, 23, 34, 19, 43, 24, 38], [16, 28, 31, 3, 35, 7, 32, 0, 6, 19, 31, 19, 5, 33, 21, 32, 13, 41, 17, 28, 30, 18, 12, 21, 25, 11, 15], [18, 26, 36, 4, 37, 12, 37, 6, 0, 24, 31, 15, 6, 34, 26, 36, 18, 43, 13, 27, 33, 20, 10, 26, 23, 16, 12], [22, 43, 16, 21, 38, 13, 22, 19, 24, 0, 42, 36, 20, 40, 7, 30, 8, 40, 34, 39, 32, 24, 28, 3, 41, 9, 31], [21, 10, 44, 31, 17, 35, 37, 31, 31, 42, 0, 20, 35, 9, 39, 26, 41, 25, 21, 4, 19, 19, 21, 42, 14, 35, 20], [20, 12, 45, 17, 32, 25, 42, 19, 15, 36, 20, 0, 21, 27, 36, 36, 31, 40, 3, 17, 31, 20, 9, 38, 9, 27, 5], [20, 31, 33, 5, 39, 8, 35, 5, 6, 20, 35, 21, 0, 38, 23, 36, 13, 45, 19, 32, 34, 22, 15, 22, 28, 12, 18], [20, 19, 39, 34, 9, 36, 31, 33, 34, 40, 9, 27, 38, 0, 36, 19, 40, 17, 27, 11, 12, 17, 25, 40, 22, 34, 25], [19, 41, 11, 23, 32, 15, 16, 21, 26, 7, 39, 36, 23, 36, 0, 24, 13, 34, 34, 36, 26, 21, 27, 5, 40, 11, 31], [18, 33, 23, 33, 11, 31, 14, 32, 36, 30, 26, 36, 36, 19, 24, 0, 33, 11, 35, 26, 7, 17, 30, 28, 34, 27, 32], [21, 34, 33, 42, 9, 40, 23, 41, 43, 40, 25, 40, 45, 17, 34, 11, 0, 43, 40, 27, 11, 24, 36, 39, 37, 37, 38], [26, 26, 33, 35, 35, 25, 35, 37, 38, 17, 32, 39, 9, 32, 11, 39, 9, 0, 32, 18, 7, 17, 29, 37, 28, 33, 30], [19, 14, 43, 15, 32, 23, 40, 17, 13, 34, 21, 3, 19, 27, 34, 35, 29, 40, 0, 17, 30, 19, 7, 35, 10, 25, 3], [18, 8, 42, 27, 18, 32, 36, 28, 27, 39, 4, 17, 32, 11, 36, 26, 38, 27, 17, 0, 19, 16, 18, 40, 11, 32, 17], [15, 27, 28, 31, 7, 30, 20, 30, 33, 32, 19, 31, 34, 12, 26, 7, 34, 11, 30, 19, 0, 13, 26, 31, 28, 27, 27], [3, 21, 27, 18, 17, 19, 23, 18, 20, 24, 19, 20, 22, 17, 21, 17, 24, 24, 19, 16, 13, 0, 14, 24, 21, 17, 16], [13, 43, 13, 23, 37, 15, 19, 21, 26, 3, 42, 38, 22, 40, 5, 28, 11, 39, 35, 40, 31, 24, 0, 29, 42, 11, 33], [22, 34, 33, 42, 9, 40, 23, 41, 43, 40, 25, 40, 45, 17, 34, 11, 43, 40, 27, 19, 39, 36, 39, 0, 37, 37, 38], [22, 33, 15, 23, 21, 19, 11, 22, 26, 17, 29, 31, 25, 25, 12, 13, 21, 23, 30, 27, 15, 24, 16, 39, 0, 15, 27], [15, 34, 21, 13, 33, 5, 24, 11, 16, 9, 35, 27, 12, 34, 11, 27, 7, 37, 25, 32, 27, 17, 19, 11, 32, 0, 23], [16, 14, 40, 13, 30, 20, 38, 15, 12, 31, 20, 5, 18, 25, 31, 32, 27, 38, 3, 17, 27, 16, 4, 33, 11, 23, 0]]
WindowsC=[[0, 672], [0, 672], [0, 672], [0, 672], [0, 672], [0, 672], [0, 672], [0, 672], [0, 672], [0, 672], [0, 672], [0, 672], [0, 672], [0, 672], [0, 672], [0, 672], [0, 672], [0, 672], [0, 672], [0, 672], [0, 672], [0, 672], [0, 672], [0, 672], [0, 672], [0, 672]]
DureeDeVisite=[[62, 0], [122, 0], [69, 0], [27, 0], [93, 0], [43, 0], [75, 0], [98, 0], [85, 0], [55, 0], [78, 0], [63, 0], [87, 0], [91, 0], [13, 0], [89, 0], [72, 0], [24, 0], [101, 0], [83, 0], [32, 0], [99, 0], [69, 0], [36, 0], [41, 0], [37, 0]]
WindowsD=[[0, 672], [0, 672], [0, 672], [0, 672], [0, 672]]
CoutPref=[[-5.40293, 3.51473, 3.88672, -2.77673, 4.05855], [7.01625, -8.85956, -0.296254, 7.65498, -4.52537], [2.28038, -9.25248, 3.78048, 7.14263, -1.82795], [-8.83281, 9.15743, -5.8844, 2.04765, -7.01011], [-6.50822, 4.46222, 5.36074, -5.66376, 8.27071], [-9.91766, -6.97942, -2.14579, 4.15579, 6.65755], [8.63363, -3.77518, -8.43479, 0.048903, 6.40432], [4.62887, -0.269779, 6.41494, 2.61834, -2.68077], [-0.755463, -7.59689, -0.350772, -1.16965, -9.00525], [-8.74102, 9.65799, 2.57397, -3.07687, 9.96498], [3.89343, -4.73043, -1.00609, 7.63481, 6.73565], [-8.06424, -1.17152, 5.94858, -5.35962, 8.13591], [-6.88099, -2.66741, 9.8777, 2.44722, 4.45016], [-0.654917, 2.78764, -6.8684, 6.23996, -9.84526], [0.900945, 8.52877, -6.69005, 0.977292, -6.21801], [-2.3104, -8.43992, 5.88578, 1.42525, -1.8986], [-9.22257, -1.35919, -3.15762, -5.28967, 5.68646], [9.47027, 4.7319, -3.04672, -0.592002, -7.23808], [-9.33422, -6.88311, -3.51784, -7.91695, 8.14252], [-7.94667, 3.36452, -0.593585, 1.03958, -3.2561], [8.24011, 8.89264, 1.98177, -4.99695, 9.37649], [-7.90528, -7.97183, -1.84516, 7.5608, 5.07035], [8.23307, 0.889081, 4.60679, -9.74258, -8.79464], [-7.67762, 3.46713, 7.84999, 6.23052, 7.6697], [5.03022, -9.88732, -0.08009, 6.1254, -5.80582], [-3.33011, -0.821067, -2.88009, -7.7842, 3.69843]]
gap=[-1, -1, -1, -1, -1, -1, -1, -1, -1, -1, -1, -1, -1, -1, -1, -1, -1, -1, -1, -1, -1, -1, -1, -1, -1, -1]
